CHAIN 1
==========

119.19045799901568
143.51428404172233
139.98422502756435
124.8942612657504
147.24131238473322
116.30508316389398
139.9119000975035
133.30897519129772
131.1345609489982
113.11890490613656
161.07978101629337
125.45217955136965
138.97877754926367
185.855064159028
157.8536356334046
105.0994375995578
119.73637271158468
123.10451620471981
130.729390814351
124.58534110867508
146.23803643274664
108.22370911022415
116.33440058162921
132.849063037395
113.9629635838421
189.1105104136036
171.32378389942318


CHAIN 2
==========

92.14016245334375
121.78683687080243
195.8322174560367
129.47458584264163
139.6540032699824
118.51163805714471
128.30659286832218
125.59254794587875
192.16105807612675
110.19766967329467
177.53932719315048
136.82552516444463
130.9060744774489
143.77055739532162
139.2698705958966
137.21657285731666
130.3159431624552
81.81056884216947
121.9838912267417
150.18961121861742
106.7431617830996
144.96607675500218
188.12006706966304
114.13169258761893
155.86659877677357
99.9751904751382
165.22262630544242


CHAIN 3
==========

110.85715088876138
116.17222771695255
112.75510187929238
92.33195051790511
213.99308570241848
121.95489827863592
97.04629382524628
106.6997351403941
100.88876939379134
153.81847599070653
85.40289374805681
129.12055601640566
166.02371915789263
113.50637018171645
182.0001130307682
127.27891399286327
102.95486990909409
90.65006934040086
124.48334776569892
97.8658254241365
128.0522509579244
100.0588847435053
134.27196323820817
83.63623660020507
143.32976333624148
127.05672300850028
133.50729301276982
