CHAIN 1
==========

-0.42645104719289495
-0.5911997254040953
-0.6039251260086749
-0.4804910111092767
-0.3349234991565655
-0.8672902926543018
-0.640580150487004
-0.721935547155729
-0.5394813823188076
-0.2957323311712491
-0.5134439002501472
-0.4695489568427637
-0.489665662828727
-0.36361612069385524
-0.28318373275320474
-0.691296918717478
-0.5396123252311875
-0.35926005973368885
-0.40950607228579883
-0.5653094853247458
-0.5833446592073874
-0.6841057779853932
-0.5000322588338989
-0.4472712452138629
-0.6543820920210986
-0.533027012702666
-0.7530040349517872
-0.7507731575135677
-0.6274513052362809
-0.6091668915930143
-0.537176798377982
-0.3817683306505872
-0.2687719344222418
-0.3635708442504393
-0.5559053490561636
-0.3417228077487162
-0.7701374566715651
-0.7635771399764982
-0.5455959860657678
-0.25996865958717225
-0.6931571714379734
-0.36241589818688147
-0.3999037637735037
-0.8571006277864895
-0.28955948611030274
-0.5255880084385036
-0.3646977421418708
-0.27702548203052546
-0.38628865213375857
-0.25423560214320584
-0.39325794637862244
-0.335905513214351
-0.7611368769781658
-0.3518290924359803
-0.5508960181611138
-0.8014784535027344
-0.567932576201761
-0.5459180215708099
-0.40273196426063657
-0.48778190393279786
-0.7632066607975108
-0.34098635088769724
-0.44874513728425824
-0.543552287821459
-0.5156281979776308
-0.2739185316531601
-0.47626952796204614
-0.42025507027972386
-0.2917731239056084
-0.5274081642891247
-0.3448430117634708
-0.7868434967600269
-0.4724880411229227
-0.513927906975349
-0.20782876114223942
-0.7215683819431201
-0.6539762766321251
-0.6615229467554903
-0.39923605050314775
-0.2913443183250295
-0.6656871280016745
-0.36256562995099295
-0.6262322706741881
-0.46910493521353275
-0.42611938877559014
-0.608315748832292


CHAIN 2
==========

-0.6771258311560095
-0.4690528709564966
-0.20711066392819638
-0.610793387145967
-0.5152307910032723
-0.37419060392900094
-0.25320638668638706
-0.30253194435491154
-0.31693518530351084
-0.5148729003222565
-0.6385945416917296
-0.5810059913593162
-0.4438616686319469
-0.6192006663043443
-0.6378947566499422
-0.22978741808017256
-0.33062872783635167
-0.3805301647865726
-0.8909432370258099
-0.41684392089767486
-0.5543435793084504
-0.2936690411545788
-0.7193095260858918
-0.4399921164133794
-0.5004230257436844
-0.2993151173253098
-0.3614717529749787
-0.32101433427499537
-0.43167300619595395
-0.7475272351877911
-0.6058222846179775
-0.2503223521843373
-0.11106462874974077
-0.23972620162572186
-0.3007766326183327
-0.47427104654337376
-0.6416230147673961
-0.6490196982935549
-0.5202192710626335
-0.5396339787954499
-0.8292044387256783
-0.6633183148972944
-0.35985588163065113
-0.9390454274892784
-0.35805916537083937
-0.3815716515626574
-0.5730281619154816
-0.42515682299020174
-0.3273442825994522
-0.740592846721148
-0.7169385717644596
-0.8252869458058905
-0.8617213945695502
-0.5269289728876372
-0.366590782613001
-0.2621615561808027
-0.46950014476519075
-0.7035150859802991
-0.43812854309083227
-0.7390134651149849
-0.5038886055037963
-0.3893594510134175
-0.49482050783186693
-0.20820759200436056
-0.6793576827267332
-0.5903251368315204
-0.6360790861976763
-0.4646133056618683
-0.5476576079815286
-0.6466379241706668
-1.0440068073611888
-0.30149402311435886
-0.6533754612027761
-0.420147565821449
-0.36363640502179406
-0.5676412826545422
-0.7057246922042566
-0.5132694997910854
-0.40113784169836963
-0.4427490532776474
-0.4338152675100674
-0.6784771364625704
-0.424497119181076
-0.576613192524859
-0.7141045021814678
-0.543090343064607


CHAIN 3
==========

-0.44640002369444803
-0.6175694270057992
-0.6109733157128736
-0.5589420075340018
-1.0888795078235656
-0.2187734153243076
-0.5633898742673653
-0.7286641919279537
-0.780974979661835
-0.72175992080778
-0.7391488093829944
-0.2046550643486289
-0.8467788130629224
-0.45303085016048716
-0.2329492115501237
-0.38234897523080635
-0.5169008464121694
-0.6745830451007528
-0.6792499016452025
-0.6135571322888752
-0.5754390339404862
-0.6154175641040116
-0.49705744620621284
-0.4813553602028242
-0.45689553979811826
-0.9565365314606734
-0.6040654993945981
-0.5785464928389022
-0.6788235254039652
-0.45555177500947946
-0.4111661243019034
-0.31975378575115004
-0.5977118104779258
-0.49610741242991985
-0.6365509616666778
-0.287928325741011
-0.6675526780290826
-0.5049444333415445
-0.3086141955512094
-0.6322296491575046
-0.3350714749009509
-0.6826567509890609
-0.46202279086975956
-0.9905926755398413
-0.6881397057605629
-0.6573912816082427
-0.619730986391686
-0.6153800737100047
-0.3481731278309283
-0.52137448521917
-0.4362333482451181
-0.3795152451897892
-0.4879391808717505
-0.55283619635988
-0.455131620951473
-0.3380663888550284
-0.46613197295399295
-0.7823192892671421
-0.7814293012160434
-0.8062480539107236
-0.4910335259723365
-0.5091789675241457
-0.4899160383344399
-0.6632771390344341
-0.7697599398542977
-0.7412992497588078
-0.8403071145114966
-0.4788842505970342
-0.30734097089714096
-0.47346919635830875
-0.3029848989900752
-0.45551737672390713
-0.17988161601380626
-0.3515980551351551
-0.4895238026105738
-0.5247219788480298
-0.7701951175056466
-0.14810860919138985
-0.9409887464389957
-0.7845024230208699
-0.7318802423025105
-0.5304402453771285
-0.39206603356743885
-0.2279902884874062
-0.2940253342848437
-0.37342232523711294
