CHAIN 1
==========

517.7295237190162
551.3239507512319
535.074171952296
551.8635246045791
558.2171475753996
549.3537477192402
554.9374565883799
565.7417588408459
546.8914302630288
555.9993585350663
561.3782930214084
605.0249392651457
577.1906950525909
629.2818186003896
583.6677708876357
544.884834947732
587.9941966192645
509.3234689110109
550.3177485506792
555.1975175657203
599.7694639950324
570.0102043727932
629.6529162215603
552.4739774440823
559.6720466092044
550.0966026433998
532.9299028613141
502.5454212827879
518.7082258218506
565.3709737925191
527.9395491038013
568.447477388286
525.8816073440455
526.3215473601861
557.4171767022049
523.5916438847395
560.7477507778159
560.5397763970294
551.2728798312115
559.1173589940195
576.7868802408663
528.5333988488547
538.9545229984986
567.1854526221002
537.6043903666686
572.1540886378112
544.9865162926217
544.9865162926217
565.6812394821166
543.7132586697286
558.8655603006997
521.3820659430155
596.9034982050775
548.6645236925484
577.8113832843507
513.2404612135806
578.8300990776153
548.0519808915944
560.2288512051157
544.9989266213737
569.9041524452339
538.9599218463326
553.2801812837412
567.3637359781292
541.8377048427659
545.6209654699431
576.3722884933919
572.6898105936916


CHAIN 2
==========

538.8372307353543
558.7116793552935
564.3250712026468
548.6629969166427
546.0950974242736
550.7699074930506
576.8923845771722
555.6346222170636
556.4440802917264
534.484381361571
559.0087059996495
525.9739835989589
547.3727627951675
583.1207438241958
621.4091521064714
546.5606273718031
556.3053314620446
539.4040330454724
558.7587723049331
543.0743912195123
629.533446098584
495.2342311087692
547.5400909328645
539.314671246736
559.341603063292
549.0082858777636
550.1827178164987
570.5160387252685
504.96080381077655
561.0767632007343
513.2048069351822
536.6028068725697
582.3467831326709
592.1852182131487
614.3964966131095
599.4099724394194
576.5768321678413
531.0589991865045
598.4047256482116
520.3105325186765
561.2636434289566
540.1531722977966
582.4116094027863
553.8047508945887
596.3816924336433
555.6190441604978
560.5983350139282
589.8996166109152
545.7337113519395
519.8519789270174
517.8036313581026
554.0617516187101
552.4092979316794
570.0490203336083
525.9172789132782
546.9366391746547
562.0617595867678
539.8386392353817
590.0310776101613
557.9663371049473
635.5673634790561
519.1308663037471
530.9020196034402
575.9553430485795
593.7468155247631
556.9350051867156
573.3224612317324
536.8359663491175


CHAIN 3
==========

522.5120431125812
539.5383126796556
556.2687754931776
559.7060070814543
558.9116613954243
589.8037408099526
559.6669366324608
550.5056768942875
545.4206521463474
552.6520966072717
521.3263281411399
588.215373191327
530.5640388376199
548.3352529454241
591.5014998061976
552.439469195771
574.7388391818479
537.3562696332297
593.5972253653847
577.1852476178707
590.0080799119406
605.3543562927982
576.4494094278954
538.3339191159625
588.8676408171003
587.8527345994488
571.4467846582211
549.9027158802687
550.3998411466107
601.3831789683393
551.0480757405139
573.0741884700191
601.7272867771304
551.6788934764122
571.5618194141109
538.6898825623375
556.7261625455503
544.1049486163713
520.8986819921452
552.0989299038067
560.3485843947609
566.0569463458177
573.646485318747
526.2100595349967
584.7477610792778
557.4417473947041
550.8508704429245
644.6421458150292
524.6497994871117
588.4736230983787
563.3959382357099
577.0207460851029
575.8253122033964
569.6064800527134
536.1333008956879
580.6905448685552
558.0941838895735
562.2783752227675
537.3543415269593
550.7606324050423
587.613612983993
536.1396175215037
565.2323915896599
552.1732298509404
568.6858834850167
525.5248313435792
547.6871796500476
572.614518630588
