CHAIN 1
==========

120.4342569286261
142.7655191838105
87.23808539621962
90.77906966729877
121.45757982334949
153.14015527684631
109.61578106810848
149.88362790050027
104.18989659582505
113.18351478922129
108.52282272181338
166.40338597228686
104.16341762065991
128.04817815789409
134.02972191628982
117.98215715858169
137.68130356765036
118.95283840473965
129.56885537548894
143.9102304267133
107.90694874687648
138.87270540114804
125.1893996311
133.9254785625997
104.11580251412451
116.6558450704176
128.29550502973987
124.21462094987356
111.47840666894881
172.42855791258083
122.83981743310996
91.18449489788765
125.73603539255694
175.6119409219042
156.1771721451854
105.09530884904443
197.25257306492097
115.123628742943
158.40263075116263
101.74902967051308
107.20275596320391
201.41906685876154
145.44306148386238
179.41840128089953
110.48932586345697
128.38034399419536
100.41361735748251
147.84518471220431
104.17925305013851
126.01194864248376
144.40492582926132
107.50396706223724
91.13774627027578
155.03109858670751
109.84141348839309
135.45378627877048
149.00034247053375
121.27111549365901
126.67415656633443
100.17705413536933
142.09925390703413
90.58533377844623
96.65041954824545
74.05526104806928
115.91919095414227
141.82984412565744
108.81394526468759
188.16206324752676
124.02029776126152
105.79895054489943
188.76381621339266
95.35537225030522
125.10977636508039
111.43694942949601
113.18847153307483
160.17491193845993
125.00569222668133
147.40004147101965
115.82845472922405
97.94523177730963
117.43284159396464
161.7777054347874
112.23430680022159
186.04505844225332
118.5870722665171
124.72982701435159
123.12152144244925
229.56277723523615
110.5932750761313
193.42748029753244
105.71893597701049
143.1954043096172
131.2452893170911
86.89009880270937
112.30341844740408
120.63056820121744
125.41100169510247
125.38303419342846
101.37446400759089
121.49043403786898
162.15122855779754
93.28043730882797
116.0910865978164
125.58611269439254
121.21277138191363
117.71516166432012
165.3536243505202
161.78621808286277
93.04726123320282
95.45077613028654
106.99833695527731
110.18848917118008
156.8534353843201
167.5341716053054
96.10264089082169
113.2118980863127
109.2401503934176
71.74593138427574
113.75699347896999
99.23570465223963
171.06187530557162
105.00200688878971
160.11550170847144
94.97455294220683
114.87611908919861
152.45220954572926
103.95334708531422
97.63474705722551
154.26271237219794
128.37182888836273
149.9840786053566
121.92634041414718
120.02871386991546
106.34768204636121
123.70035633214175
133.76095673894537
93.67628035429274
119.59541871265586
118.42260060251529
153.96999599739522
116.87913120687183
123.10214069770859
90.49793885031079
95.38176392623092
83.94787612124907
141.3462276983202
125.07525967001388
124.26595073447338
92.42496602900921


CHAIN 2
==========

108.5627576028479
143.38186718322123
141.14924060899287
158.7750017839738
98.94068554442454
130.13667251074017
95.92114139410225
126.80336183410645
143.25773761129005
148.60528139011342
111.56608281336462
108.08071748747741
127.76715606372191
120.085985779369
92.58876306086833
116.07368992964186
174.9684745463388
119.62737556645226
143.09999938195764
120.67147363185774
104.2196856723049
129.99575257719152
98.98052888587853
123.38044546722466
105.18381834326
151.0533855409267
108.40071977056559
192.7352771852988
122.4347286944823
104.94756061761184
119.17435630512281
154.26214041792056
107.4220649498971
143.72390108473604
123.70806319088177
134.94367553658162
113.45805478967247
131.12629078190216
103.96078461503356
94.36058022993294
139.5528677431741
112.49511458543203
103.57270069339826
108.91504811235504
130.68948899865075
139.16069390274933
182.7601783101676
109.89684590191295
136.18355185899134
114.11969116579219
146.7909513664593
100.19519261139065
98.60665481961807
132.9463532992975
137.65828444077835
131.38684987791086
137.71471535183107
176.67188857560362
99.84383556585617
128.45091780072082
166.9104986320398
114.06976300725265
157.87994039022996
100.87616867584101
108.45175007095546
126.78528369283185
122.28198316809224
146.98784181292572
96.2631743751087
103.60229383890984
122.14137994246356
109.17753264039487
151.2167108463772
112.54604783796078
90.51086562372366
137.61759282221985
137.6519115525118
141.29509280750827
145.75439796832865
135.4398397811097
108.90018985269872
100.360458414746
108.66103216719767
101.36022815180007
86.01408574862599
149.7898205426884
111.30263960436803
153.22112102758442
80.3751823316021
124.45434198546106
176.0302023811753
151.75341798696724
147.30282354521148
181.1140137578839
102.43028813766718
192.00410127887076
150.02464168244154
124.1718494465236
163.11611815398572
133.9296275900064
126.95691945366943
154.18355882648447
148.92476479984435
117.95008895767376
106.64854805267939
121.46052119628534
108.32460251161643
114.57958119286494
137.25385212764408
138.0812978768226
117.78084440029278
113.49270374149685
110.55456813216236
207.03075640700519
133.8239267194296
114.07960124226055
121.0964272124206
107.5782347318444
128.5933714216526
105.27851043701888
167.86165709383894
143.93246161838772
123.04052278622162
110.31693508098687
115.77516787267176
98.89212522386009
137.97776913993758
131.1530935666503
129.81268656901585
133.44953951967645
114.3875417810545
113.47723289662741
111.28005612206789
115.00651932892704
135.50380360589443
174.47647916125578
89.803585203018
101.34794630295477
116.17620517225731
128.62653255154356
179.06809737003184
101.60677180149867
163.322486674563
155.5239242651424
138.00067969020162
144.35189948907322
126.38595773169435
110.9360036563966
105.87105734786927


CHAIN 3
==========

105.13853133925808
117.58835591440504
123.88147131563804
108.67547802874807
147.17725840569966
123.73333229754277
145.63036525575686
112.5398204276528
144.966093720359
160.34630590408838
125.972460448961
127.13675871534545
132.80671040770756
155.59408239148408
151.18483599222463
110.85450934455275
111.18063537857111
131.74746230474733
119.64251022526935
155.01526587924974
97.06846638789975
125.09263604570826
101.6985735146913
175.38110089794586
113.76572472407656
109.54466767841514
140.05615622782517
128.21424346473523
93.41437519419655
127.16504639683534
120.28400386432332
175.18205105093915
113.53937277281807
175.94636976420995
135.3318267914783
100.81450858387166
123.79038256942876
166.33044345610404
115.6450703736284
112.97494301408646
126.4107991819074
134.18425378454117
75.53833802499503
115.70610869057415
158.50453873981098
160.12879857812743
107.30814750866003
128.49819987222958
98.51749609180524
97.82239554653984
88.56026412554874
122.63714437334056
129.59731553422998
105.21218830564801
176.3900528454119
116.83508789673658
104.73015270710127
100.67329631368693
150.6719601148539
150.68260378615
106.94352059094261
133.53285323521942
229.04558130720255
130.43412878085317
119.7771339934441
142.7945222725992
147.9550732282831
113.90516574006735
117.85263790365369
103.48073182918158
161.8449987074953
126.66079456498882
173.5636182693784
144.5768133757803
124.52943620242834
110.31058427703654
105.18515016390106
100.3666865353311
138.32890593430494
158.6678401495295
125.7223868440175
108.70950256479615
103.13950791269394
143.62596431615947
120.08206149973219
119.05641784609192
129.55451352839145
120.19647548640633
113.85511643899339
119.132446037999
130.10886875253127
154.94263305480385
114.55448362676162
151.8676328009322
125.01527117577345
115.0195433866015
121.52581015160914
126.87271926756586
98.00623165324197
152.4971277108257
182.0988321606981
127.44232141801531
138.35286596755856
118.70519280301585
138.52740042418034
99.10316749662259
124.84535729335613
176.0497600695694
114.46050012575131
141.25570626481647
120.54431131045366
99.5738070429431
109.44668465695965
107.92064008943595
115.46677933446969
106.03889095575727
118.28366975921662
137.57748776522598
132.44025763732967
115.28498052941848
108.23347413945628
110.34555602436075
150.36594148534795
117.99232266944479
127.06589261330663
146.52810527776273
128.79560452725482
146.4329897099182
98.9898081846278
103.51392820171817
144.91683324276391
132.41539120420194
130.48388194029937
139.3606148573964
166.90565992039745
98.586648279468
106.16142854404369
208.2599118578496
160.65865388419542
123.86049434504515
119.57447794453354
90.33202031349651
114.08044150206851
92.46314600870137
152.24307581137694
98.60646439816428
121.69314701481544
157.3356732539761
112.16919091562642
