CHAIN 1
==========

544.5947368132221
554.475695329964
568.3515982784209
596.9941829268155
584.4076718351791
592.6112752627513
560.9365395177713
579.0951747561827
589.181523486127
578.7938329186825
611.8437205655505
581.2387325244501
539.0593136986305
539.0593136986305
605.6504729602224
556.1374051637291
527.1656190911889
547.4668163476329
586.1025570413642
537.4836186738124
576.2303597962226
576.2303597962226
557.0590822134196
534.3987702598806
560.1229853271329
536.7979544679855
529.4525111110248
633.507082147423
551.9470158526158
554.7286701022346
530.6904438866077
606.2445168335063
565.1269928815652
542.9823741174991
519.028713998126
532.6867873873177
534.0456852967983
567.9687256296149
581.378446830695
562.7660909117704
569.9559250281486
560.2181630416616
586.0920362747424
607.8385743176002
575.958938883253
514.442630904504
613.3841882874372
570.5390139381294
534.4606379460268
532.1167794797968
549.5681435603587
549.5681435603587
609.7729534359685
613.1708085797555
526.9562925882889
568.0394604784094
505.79880441268153
531.6829999566232
551.8002611684237
535.8231389143828
541.0798928110743
520.5799732802145
583.418961267423
567.9396068737425
590.9541710621651
556.9479690440845
551.2654258875208
558.1463447975907
594.0964324453197
531.9996652314536
548.8037973883702
556.8935268840313
568.4667757344575
594.2870398306421
542.0280092906116
579.4792420850281
599.0560211519468
574.5441980964081
568.4245420978509
632.8500438962529
532.1328516758683
521.8740294006163
547.3744936085885
532.1831482446187
557.5850566216267
549.1618135904276
545.9746384269359
543.0618307201576
552.1440420559181
528.4130658441425
594.0648186184573
560.9915684167045
519.1412195497885
542.9182413697802
556.5852001405393
531.1579470205744
553.034627060961
577.9089687032891
555.9365293289333
580.7126865245327
539.8923297667243
541.1740199252621
541.1740199252621
538.0021280730011
592.7029258846685
581.2385271644001
544.4786436251628
539.6233001302878
540.9353709141615
552.7978514939533
536.6107269512064
590.5028995001077
609.8232410413873
512.1467484789329
541.7724943024549
591.092882583449
552.984558360937
577.9987822230561
564.5095292727804
535.5406255709621
599.6732949109869
538.8367590832172
552.01205819387
583.47268813089
609.0200454453824
567.9992568116803
531.805777259789
560.8723276029895
521.7285979569424
557.1431463917679
558.1355844748487
562.2614665029137
562.9575205956836
583.7144765973618
584.2181109130139
541.244467248105
525.6365886373007
584.2434868056814
524.7079962512468
583.6493097614168
592.012711588931
531.1412685835974
585.7927761809559
537.039283025183
552.782361324678
589.3410418225092
584.7932354524349
575.621121724541
562.9886542589686
591.2226678394694
558.0747388171934
514.1268612202382
550.5662074481122
536.2645080523464
525.3037336040637
553.3093551071272
542.1703270522796
604.041229585245
561.498983996512
539.0477067024551
493.5010907358553
592.0464711126729
525.1773683899511
503.76503083668655
591.5149272744223
531.3946184543306
558.0693919615645
563.3714459139928
564.7428374082209
567.3297041927009
544.6784740934534
533.503778392638
543.1169932509974
566.4912114563276
541.1000694793352
568.8376669577069
576.4635597696407
567.7815030927377
578.1247947487497
535.109798845569
561.994398754787
597.3915000664311
573.7991413186293
545.8943104161491
560.707787551985
525.9974089310357
552.0591207691099
565.5042291489647
560.0964474863913
534.2698454996449
537.5597214601262


CHAIN 2
==========

568.7167946729126
524.3586164845697
532.7834005691126
543.0482758895598
567.1073222128302
550.0462311665582
559.2909297492301
542.8564876679213
562.5167949605535
511.944137101111
580.8167744345387
557.9203814101636
524.7757353066995
540.21390086636
551.6331196118558
541.3423052120215
531.0422438460332
560.7244148135989
520.9103350109712
535.9740178699205
551.8216181696621
571.424979358595
572.0967122101194
535.3666686340334
567.8272371302933
538.3088897793255
531.9807443161801
565.1334222064016
532.8972405526537
546.6251789620339
592.2648499424554
534.2256497794004
613.5208533506191
566.7465288716758
614.0435886837951
598.2533179739927
556.3361914670495
510.758680775927
541.5145532742456
572.3466810622732
567.6702155961328
542.2233787020335
539.2583766053064
530.9857148580983
519.897909267538
550.9748261749892
556.7060386792394
536.7896032528056
532.6992719099652
544.595131141477
585.3447159128841
559.6213359409523
529.0963596119306
530.7693559623684
545.6375180312148
529.5503986984111
544.3316003093522
566.3524459163445
552.922104989669
601.9700232015517
535.6344618667094
533.2811251283692
532.7775648739188
567.2493774374284
585.8400827798495
545.2311123238366
555.4554892229538
537.9404311901973
556.4498907284668
566.4967871244124
549.9427915489687
558.7754797539321
604.3138132324187
602.4171659189808
550.812175897069
529.754308677102
538.8274310077552
620.6868358137834
547.4084003082952
582.0699052630828
542.4021264710652
547.689385722739
540.5346493692085
552.9339363233565
568.7333728519949
525.8373030017862
535.8994603509925
559.047786913153
524.5824334810536
536.307596766805
540.9090024762445
567.8523397559287
570.3294203712596
561.1312397999035
537.5777758488659
577.6124676497046
508.14417516890035
589.6559897409944
596.3235666170315
560.3876791846118
554.6221858010016
541.4815468919649
587.9132502187882
553.8270624653262
528.8357407913484
533.3114424546517
579.8083198020661
545.4021168404067
533.4560857686997
558.4194792510013
551.6920985163591
576.43051761346
568.1869884628359
548.6294950899885
579.6309420783764
565.3981515510523
613.2270596432741
556.3350600545347
596.9287165810956
606.231168775384
583.0879841125745
560.7962117436963
579.7369683247945
574.7295495333861
560.3207803602759
547.0997594510466
601.2013748951404
569.228497177178
568.091898366658
574.921639121146
535.1369777021443
553.9029052681091
497.80150280224177
536.8219071331108
526.0649723384457
534.31949824694
585.0916524914237
545.7055817484226
564.9009343990197
566.8322959353767
571.548768230969
572.2061318878848
532.76566859017
546.4403909998518
549.0861065313075
547.696426226119
524.5291701842515
536.38869121963
548.948579948851
525.7868878142381
517.56158080333
572.9654465886325
547.2761420411031
554.6349470585463
568.7504969033058
543.9002921527235
564.2011990229901
534.9631037322517
543.025902185415
543.7891732650435
544.62677012839
570.4371831523838
580.6599040835625
593.2268037316594
567.3077437429989
562.9920750348742
571.4724760072343
548.3600651575067
582.0102291010413
544.1294009527193
538.2208863732916
545.1947885375143
537.6597257903616
509.50183915248164
584.1657445306151
555.1944219746789
539.5956337094946
539.5956337094946
529.9079899552745
550.204088968035
588.9636439721946
534.8381978425222
617.0675404128855
543.1331460861397
589.4708155745864
551.0005230349421
522.9712478057048
534.6087879251482
578.240236774778
576.0443105999976
570.1943104304867


CHAIN 3
==========

544.7750624848235
549.3837882183498
567.4482700823639
529.5435995395516
529.5435995395516
604.6566703358309
550.7452470056816
516.5643382705168
541.0719017232803
544.2801049503822
546.4788964800515
527.6454133268364
502.1102054881206
503.50905587133883
543.0985429811159
602.8041810902428
512.7618936889723
555.0244471991612
533.98926616489
571.2735777173176
548.3729493324743
528.939902326255
554.537969144611
578.2727865362779
555.7316373603603
559.6611289774852
546.6667922944574
532.258204809138
510.640865319062
573.7466973993708
506.75244932159814
539.987752906987
518.2949380279877
588.3170323200188
531.5664370655321
535.8267520783492
534.1845835674003
562.4945673590692
537.3684614395225
567.4617581246852
586.2378409702053
532.7313967048415
537.4723529573895
556.5422081765378
562.3183197976757
529.5551028624582
558.5992156517156
527.1225718693146
583.4746079259714
549.0248602791097
518.7686650048754
550.8923958497105
554.5256159229478
571.9962585984525
507.91823233431734
560.1784449471281
537.081520900403
588.23462814418
512.7470654690622
557.4092858592597
549.9456194674623
561.0887968928042
571.9384655606104
523.1682361649412
556.7094156131271
543.9252284509935
575.2445982131961
553.6939615758746
523.0866506401105
579.4224316056743
574.8735707579211
568.1088412238836
560.3148073042839
562.0484235565776
587.2621938938856
598.1176352253264
577.690185061143
575.4128861251546
584.3890341376726
516.3437665524477
610.3191335668541
560.4073243849041
544.936757796282
656.5321020271309
555.220713234436
552.281142167846
579.1042067993183
541.8794049390222
540.619230485249
548.314991881366
601.1553320659082
541.3768622349992
572.5858083759188
592.4530554156742
564.3572638377724
563.024882410844
556.9325326214806
580.2670080218966
545.9060746277861
526.4830024484636
514.5712850529299
549.1013525634083
494.6928592424627
543.3313357887373
559.368304823754
525.8443437882955
537.7530011663252
576.060194009983
566.973570228141
570.808999897521
533.939978482242
540.1880365462044
552.4686807971938
544.1718294292318
531.5654480102902
555.4868392339575
545.2869065034192
569.3135099424248
514.917906731592
548.5724591438454
589.8190162046985
554.5050987655359
534.1314240200928
557.6057023869369
550.5114204951367
512.1989591698931
558.6962770204638
532.4170904650505
587.1928503907482
576.6164132832648
540.9266652859426
558.1779925172068
531.1886222938683
557.0217629699082
559.8602585182416
520.0918381840046
600.5444927213196
568.6321096440255
569.4316024647566
549.0357642924901
551.8476757204562
625.164172920554
618.0823079032612
550.0470682246921
544.9292327038775
535.6851097568805
564.2873442798187
619.530059337875
546.1669503830869
546.8720447897731
547.5984907874558
572.0331747195355
562.0292357504616
551.6999871342041
558.5986577654556
539.9729969130866
554.4071259311452
571.156744152575
563.716969971369
530.1167169682196
565.5961077197132
516.0136278046499
552.8973065557706
596.972572135457
531.1878990157755
588.7618661765806
528.2856809251267
565.6937077215892
564.9135115627739
567.3307306754401
578.3072460784934
571.9767807329157
582.0873803745874
551.7290338120132
517.3953940995474
527.2000364704785
659.0038801508324
585.7764888180527
584.1030918801814
576.67463807552
561.9010946998919
546.9679721236154
532.2939048896761
556.8053637102964
571.9962916914963
603.7081800960515
534.3258989463424
543.5181536788702
563.4765675175806
597.5574436242703
562.7341370929378
