CHAIN 1
==========

3.127576022775863
4.156216054143058
6.049256099881376
6.049256099881376
5.726520263188472
5.726520263188472
5.551323705185294
6.026398364441255
6.026398364441255


CHAIN 2
==========

-0.6620584603073034
-0.6774219275994663
-0.6774219275994663
-0.27267505516704293
-0.05682705037830449
0.580708480705719
0.580708480705719
1.4078538891277281
1.4078538891277281


CHAIN 3
==========

0.21324916965713012
0.1928055757011187
0.16026225191689983
0.22340214761066604
0.2590276232665349
0.17167485691332296
0.5757122341893869
0.24345023564569218
0.5615290034422306
