CHAIN 1
==========

111.82317641096438
128.57778623928317
91.85759029376169
112.08243456632772
135.25241093153122
121.76058318639885
115.16504066418963
118.17870830965495
110.22648212417907
134.24442786045984
108.15087234339914
102.74708963964164
99.32938811568076
119.03696905900566
104.00236508350311
111.97566716015007
111.97566716015007
125.56667655483784
123.71166541223646
111.70048229917033
122.72388378346699
99.45991002878446
101.70856375088766
120.50997173586025
104.95366042239814
130.91692565392333
121.54983864000965
106.01975060919916
101.99848235719666
127.63784218341391
129.7038598007643
138.88801719943118
129.6824130340895
103.53597891289546
123.12682818498799
110.19086561869996
111.12996294331262
117.34600053847083
133.3102081200127
108.78499825255213
115.8058589225087
129.59518617599215
103.27234776580364
110.79440495184963
118.93598934371713
151.19130708877034
119.54473856809885
128.6628088055668
128.06137180595073
121.09695221290937
109.62540803764614
127.47422503708593
131.39808767074442
140.0731996932903
103.46277861093954
118.25942596593904
113.34092390637699
99.96268223520582
110.18127895904335
122.53186088346689
129.87565030115994
122.90894872795113
121.20830544323539
111.29673015065798
100.24139782145102
121.07308702314057
100.25701589495259
142.35869923973306
100.32545552613173
144.5221612420518
114.6335072043967
123.91860869860282
117.89887236792825
124.88003207570861
148.5573145366317
146.99348991594664
132.84164122337864
132.8848844815354
142.7457359219421
122.69353456157918
129.44270703012606
128.95346217343712
140.11631397997564
116.24436582150561
111.31582550089597
106.79854168396137


CHAIN 2
==========

124.05873101816881
134.72276763118714
126.25723294360417
136.75501822658956
125.48266260215583
123.27981799517283
128.06764698474822
149.19419127547496
113.74636007878225
106.82914984210701
133.98479206433984
129.13365440230876
109.62530834325356
116.47105676052435
133.70675793565024
122.01755069071767
106.93855603385803
137.8221917679201
120.0234641234069
139.56197506468993
123.77338503112848
108.25055776796974
133.35206347309008
121.14920070947983
98.78727180339507
133.46460600072444
108.61274136884302
121.20217102748593
115.85866838045366
118.42424926819285
120.15776971751096
120.41453272759586
140.6930370816154
110.82917573309756
124.04727279954432
132.42515540818266
105.37647334259051
120.34635425605576
139.06273579910987
112.92870230049769
128.3639764076829
122.33779039221778
107.51352876235663
102.28220390423672
140.0689694847048
109.75014783003238
125.16926517074307
120.34331855162219
114.98924608674976
139.14659486280027
119.35856896776416
116.37719898363106
109.04521130031013
104.51006736472114
108.46135892594408
96.77705589584896
114.25307779752848
122.76104983164959
108.0828589929947
125.27609097113377
114.68428900157974
110.0785274914524
108.87445390432624
131.25115335285207
133.11688094038973
118.73160321421093
102.80403900093924
130.42298698093342
118.15712031616039
111.79613943624257
107.92779209775527
105.33011423910088
121.11140345591762
121.8937241898694
123.73408910728065
132.038119307153
120.33709902946677
115.82400541790885
97.8984394288016
113.22535734253627
113.68292926381577
114.13945918830763
113.74507345247035
125.40771034097207
104.09069777549504
122.53736529372273


CHAIN 3
==========

114.20403867553863
118.49263087783577
105.95837289210728
105.3826279846747
126.93107544369792
118.22267438599803
132.52765117322673
147.95724024206936
110.36547820759066
115.01977836116309
137.5462188791616
122.64412301559211
104.19049448682495
122.70905840135623
110.95180959563876
111.93544710180879
108.36098787519381
122.98687466668116
101.3296112489454
115.13446993285416
112.52505657979165
103.81463711869802
144.73640822586773
101.24814689033634
134.67173427441185
110.73260033177696
145.73241523149775
112.05894688405589
101.28949149432992
122.81789622168363
133.74702868948935
120.20334407292255
123.15260220804069
114.73256563246889
144.6281845594683
112.57276977166417
118.44896390446672
119.64241969678147
117.24438893845144
120.28829153810295
105.92682453132952
111.0321695629917
111.21240183815735
107.28640580704473
114.03477661949684
128.83820744741095
123.80798247197697
113.60610246767514
118.49750937246209
119.92654148169751
102.7178600226807
123.0398100396618
117.04232263775525
120.38197317008911
131.359362138885
114.52724083730529
123.00898963045573
119.98120629443342
121.97361264487792
134.6401337123811
116.26750593554127
110.93594562255754
112.40532672226469
108.13297254512385
100.4717055081671
124.94519668782199
121.71508874608367
121.01718857650077
114.56891199945332
122.98670107880855
107.928736651706
108.984141847288
116.00745361238374
133.90517949820264
127.91254807184566
108.83218607517267
121.49515220053675
100.61836562047034
115.84711211549951
113.88505153043069
104.47709780709863
108.53853735416557
110.59602721389572
104.56511289162921
112.60820279888863
110.92166140725358
