CHAIN 1
==========

1034.1346737962676
1001.6293209070077
1041.5707167845983
1017.8332136844709
1025.0748639393303
1027.1582402759248
1046.8987445760513
1025.3960078723446
1049.1120138851616
1014.2491266592045
1045.8073471822524
1027.9081521458565
1027.0358149385438
1032.1496845033098
1055.2018164225487
1024.012072989803
1023.6701050633683
1025.6640635241627
1038.8081432977565
1027.031976292843
1030.820327048753
1050.6966353141377
1055.7021259186554
1038.0538027732407
1018.299573318496
1035.269078278803
1031.9835448611582
1026.0931518863702
1011.4187964654823
1005.5137140274155
1046.5807612814694
1034.6656526674312
1017.7212518683987
1018.191511904587
1044.377270507487
1009.579216374195
1031.3539597826327
1043.8695540443687
1023.3545907973219
1046.9398448626484
1051.0106439565561
1059.8086609201196
1056.2363652756337
1044.8318379312645
1037.366493446151
1039.7034413862411
1041.8423899108975
1042.4443826757754
1028.792809393257
1045.8656346009197
1048.0168958495276
1016.6210938728484
1039.6113237262941
1025.5130876121677
1059.0059181312236
1030.382070150151
1016.3248305406745
1026.3323023920811
1014.0459861616624
1041.697524260904
1033.7950299082145
1033.788488475915
1033.6439791340347
1030.30425355768
1026.1638436835153
1035.985812739194
993.8014865541015
1036.5825469855229
1013.6683393334702
1041.0643794081518
1020.0462007088771
997.1364335529976
1040.7776461089122
1002.2225707905956
1038.6477799867505
1014.431362207864
1005.4918156993485
1025.3640246628042
1009.3764547498944
1004.0323818272207
1024.8515159062665


CHAIN 2
==========

1034.2544059693037
1045.0958370179887
1005.2438795986676
1033.2192680347496
1019.7414089467497
1008.6837733203462
1031.7388981438785
1027.538658828741
1039.8470530827215
1024.8220068808753
1035.192238334551
1055.1748494896033
1030.7638534969662
1005.2211711596126
1019.7423939087869
1023.7031231038615
1033.260846841615
1052.1731536276975
1037.7827364845825
1019.5111240351094
1033.2766967450555
1031.4889446740237
1035.759365062608
1031.6344199493074
1012.6067720673906
1030.558916326286
1018.2304435729894
1044.5637481763047
1047.5022487232854
1042.362226320416
1018.9475034758658
1035.0350618247646
1026.9847800545406
1034.5196869933523
1028.4808522426622
1042.0488581224372
1040.9042823189543
1028.266863419214
1044.0501178438856
1036.1220226606151
1004.2044829354201
1027.7596690725882
1021.8159894041652
1010.4372962574159
998.6746040376879
1036.8652645365678
1017.1335668338128
1024.18840391669
1019.8883260467284
1031.4532443634134
1045.4367167303774
1036.875244877519
1033.21172450664
1023.3158425948459
1043.635836476688
1018.774816995638
1022.2810898728078
1031.0394671120596
1032.6220973498266
1041.6168388284761
1008.1599170580978
1027.1476633633583
1032.072506012347
1012.8447047770655
1026.7963411851717
1049.3593414783143
1027.644609016566
1014.8113472683362
1027.6338150785132
1019.7589588382032
1018.4556170848015
1027.0818938419172
1043.0159581632086
1029.9622505388995
1034.605200279127
1037.1577864715416
1031.2100034843395
995.7964548347557
1040.9749208131086
1029.6638375338161
1003.6544558635109


CHAIN 3
==========

1062.59158896026
1031.2344777434487
1006.8705837039101
1028.3620885189298
1020.5291364346178
1020.5291364346178
1012.3102811601386
1015.4376686800241
1031.6709679114833
1034.4857294919384
1026.8486792999215
1036.9545534799586
1026.9697316964127
1046.2584638289388
1019.5002104887553
1014.6752449159037
1031.7705165809527
1031.7705165809527
980.0390750806351
1019.9554531648337
1032.039452967891
1032.378696475644
1020.3247149874978
1001.511641388866
1039.594411017729
1023.1625750262731
1049.8941253266048
1040.8377581746165
1033.1645246905268
1012.0249167940794
1004.9404246752183
1027.4760247139775
1020.6137800667823
1044.3668109332677
1029.5133199019199
1034.824608337196
1039.0470470696232
1046.8543782863944
1000.6574517808601
1039.036133902082
1026.5621915717327
1051.0834089147006
1009.5394909461784
1032.731044632438
1036.5424434592899
1037.8437165111116
1054.547673165666
1024.984129520871
1036.4322118586701
990.6512400321969
1017.0595811639463
1043.4008908047363
1026.7749905450466
1029.6506683210798
1055.2763849725209
1057.4209161940084
1003.3746480507726
1034.028066889358
1042.25594297745
1048.8448644986481
1054.041882305088
1034.0341926404903
1018.2402466070376
1040.1692379364524
1033.1117031166903
1052.8159517641977
1052.6084993683507
1050.3034719890688
1034.3230626847437
1034.3462888504234
1062.3315696307072
1026.5504500253826
1018.4325922325136
1025.2698433016408
1051.7060049564802
1035.8326735873597
1022.9948174131723
1035.1428509271277
1018.2036091952244
1029.4316542947847
1040.5580046069201
