CHAIN 1
==========

-0.054853637008933774
0.04373024066265945
0.042249132507061284
0.057286285485308217
0.23059372101668013
0.04696532332977255
0.16133385756731344
-0.08119965266284422
-0.09667940824436737
0.019199060081008225
0.08662854944716561
0.0784202537078836
0.09912700332127837
-0.030338669252329545
0.12761931485760286
-0.049500115349186524
0.14981960569950303
-0.09075580473405094
0.06566564218910569
0.020866062626648543
0.08087563353773304
0.12946089299161467
-0.01083257911686862
0.09328494852187125
-0.05512862356727663
0.06906061435529352
0.06785231316333967
-0.07733795612897461
0.01968042632828726
0.03943267751974716
-0.08916462787289361
0.034720654276564816
0.029890438212959267
0.028543528567483253
0.1316889899612318
-0.0164585215542956
-0.009978956468501065
-0.054534622795712945
0.09823818053231054
0.08544547686205786
0.018319370966759785
0.06208124316230982
0.14740163353839106
-0.01941125165999517
0.1066538768565717
-0.015498786796912824
0.10470751418400037
0.09571915581383826
0.04901043633778463
-0.0773146998297058
-0.027158957794211125
0.1989483933786177
-0.06233469419797887
-0.015877711119882926
-0.018811470294304133
0.0400007296178478
-0.001204319021952286


CHAIN 2
==========

0.10377549314102862
0.05426139607051554
-0.09497110968806917
-0.03766963452190364
0.040707883567189566
0.01209890916307009
0.22465048589681666
-0.016706520190917312
0.01772282453334581
0.10733692840825393
0.02899913861638107
0.09982450913035018
-0.021018326861658804
0.06898109666470278
-0.029468887215783612
0.01903272785197918
0.01004876506154119
0.020316554805491216
-0.05329371639624919
0.02883098749970328
0.05268993177303169
0.0237671102142165
0.07279678994558124
0.04594526889860222
0.19856919838084106
0.08766997269780252
0.016370165297629878
-0.03725361217909448
0.035754036413134016
0.032387621739367226
0.006297567178324793
0.054627980966095974
0.004311443446327289
0.044829223590608785
0.009746843534025162
-0.0060579901443448825
0.008263874748979758
0.1568125882146616
0.10563540511271674
0.09622920057970978
0.02559034484012679
0.08507240125483077
0.006973598684229162
-0.05717066587601612
-0.032694313561608755
0.015873193260301684
-0.013794656211257611
0.02232660848605897
0.10741362010186073
0.1288003584164891
0.07553217068124195
-0.088007320854406
0.0433377302775946
0.020742866949057415
0.08337380151298221
0.07028886635859291
-0.07425889800312528


CHAIN 3
==========

0.14027658461338258
0.1655164393021235
0.018810623356036185
0.002937868910509761
0.06852772010892587
0.09050073519998982
0.050723437025605916
0.07640876885934411
0.06994811584522004
0.05919884538160755
-0.006241566651292617
-0.05447230777491592
0.06324353520717399
0.05067075803978503
-0.0025745488537536193
0.1467837277221967
-0.04992570171213291
-0.0696467192333053
0.08421784719771719
0.07146858767242227
0.043532219179918966
0.07919264532473073
-0.039906973333052674
-0.06633569957227738
-0.0370933260333168
0.06855052926469615
0.10962740831394924
0.08261315840664238
0.004063932136551263
-0.06898497330681308
0.010397718866044375
0.05156288204744759
0.01985038125084415
-0.05841017661631247
0.1324567613062229
-0.007530506721862729
0.023738619978031034
0.029474933901152404
0.04081320400199656
0.08588575583563239
0.007812091537643492
0.05724643537948834
0.12418968203713389
0.10618631750899082
-0.01020538078658859
-0.03029024317415871
0.018757632694698628
-0.03630518707471238
0.09038780012243224
0.19115658945219002
0.2892338091070559
0.06817731208227498
0.19510026410649722
0.0845448068802587
0.06072264629471602
0.09106377054796141
0.027942333061667303
